[[ 1  2  3  4]
 [ 5  6  7  8]
 [ 0 10 11 12]
 [ 9 13 14 15]]
[[ 1  2  3  4]
 [ 5  6  7  8]
 [ 9 10 11 12]
 [13  0 14 15]]
[[ 1  2  3  4]
 [ 0  6  7  8]
 [ 5 10 11 12]
 [ 9 13 14 15]]
[[ 1  2  3  4]
 [ 5  6  7  8]
 [10  0 11 12]
 [ 9 13 14 15]]
[[ 1  2  3  4]
 [ 5  6  7  8]
 [ 9  0 11 12]
 [13 10 14 15]]
[[ 1  2  3  4]
 [ 5  6  7  8]
 [ 9 10 11 12]
 [13 14  0 15]]
[[ 0  2  3  4]
 [ 1  6  7  8]
 [ 5 10 11 12]
 [ 9 13 14 15]]
[[ 1  2  3  4]
 [ 6  0  7  8]
 [ 5 10 11 12]
 [ 9 13 14 15]]
[[ 1  2  3  4]
 [ 5  0  7  8]
 [10  6 11 12]
 [ 9 13 14 15]]
[[ 1  2  3  4]
 [ 5  6  7  8]
 [10 13 11 12]
 [ 9  0 14 15]]
[[ 1  2  3  4]
 [ 5  6  7  8]
 [10 11  0 12]
 [ 9 13 14 15]]
[[ 1  2  3  4]
 [ 5  0  7  8]
 [ 9  6 11 12]
 [13 10 14 15]]
[[ 1  2  3  4]
 [ 5  6  7  8]
 [ 0  9 11 12]
 [13 10 14 15]]
[[ 1  2  3  4]
 [ 5  6  7  8]
 [ 9 11  0 12]
 [13 10 14 15]]
[[ 1  2  3  4]
 [ 5  6  7  8]
 [ 9 10  0 12]
 [13 14 11 15]]
[[ 1  2  3  4]
 [ 5  6  7  8]
 [ 9 10 11 12]
 [13 14 15  0]]
[[ 2  0  3  4]
 [ 1  6  7  8]
 [ 5 10 11 12]
 [ 9 13 14 15]]
[[ 1  0  3  4]
 [ 6  2  7  8]
 [ 5 10 11 12]
 [ 9 13 14 15]]
[[ 1  2  3  4]
 [ 6 10  7  8]
 [ 5  0 11 12]
 [ 9 13 14 15]]
[[ 1  2  3  4]
 [ 6  7  0  8]
 [ 5 10 11 12]
 [ 9 13 14 15]]
[[ 1  0  3  4]
 [ 5  2  7  8]
 [10  6 11 12]
 [ 9 13 14 15]]
[[ 1  2  3  4]
 [ 0  5  7  8]
 [10  6 11 12]
 [ 9 13 14 15]]
[[ 1  2  3  4]
 [ 5  7  0  8]
 [10  6 11 12]
 [ 9 13 14 15]]
[[ 1  2  3  4]
 [ 5  6  7  8]
 [10 13 11 12]
 [ 0  9 14 15]]
[[ 1  2  3  4]
 [ 5  6  7  8]
 [10 13 11 12]
 [ 9 14  0 15]]
[[ 1  2  3  4]
 [ 5  6  0  8]
 [10 11  7 12]
 [ 9 13 14 15]]
[[ 1  2  3  4]
 [ 5  6  7  8]
 [10 11 14 12]
 [ 9 13  0 15]]
[[ 1  2  3  4]
 [ 5  6  7  8]
 [10 11 12  0]
 [ 9 13 14 15]]
[[ 1  0  3  4]
 [ 5  2  7  8]
 [ 9  6 11 12]
 [13 10 14 15]]
[[ 1  2  3  4]
 [ 0  5  7  8]
 [ 9  6 11 12]
 [13 10 14 15]]
[[ 1  2  3  4]
 [ 5  7  0  8]
 [ 9  6 11 12]
 [13 10 14 15]]
[[ 1  2  3  4]
 [ 0  6  7  8]
 [ 5  9 11 12]
 [13 10 14 15]]
[[ 1  2  3  4]
 [ 5  6  7  8]
 [13  9 11 12]
 [ 0 10 14 15]]
[[ 1  2  3  4]
 [ 5  6  0  8]
 [ 9 11  7 12]
 [13 10 14 15]]
[[ 1  2  3  4]
 [ 5  6  7  8]
 [ 9 11 14 12]
 [13 10  0 15]]
[[ 1  2  3  4]
 [ 5  6  7  8]
 [ 9 11 12  0]
 [13 10 14 15]]
[[ 1  2  3  4]
 [ 5  6  0  8]
 [ 9 10  7 12]
 [13 14 11 15]]
[[ 1  2  3  4]
 [ 5  6  7  8]
 [ 9  0 10 12]
 [13 14 11 15]]
[[ 1  2  3  4]
 [ 5  6  7  8]
 [ 9 10 12  0]
 [13 14 11 15]]
